240
480
102.921271 -0.000006 -65.231792
100.970496 -10.865752 -63.995387
95.455505 -19.852711 -60.499963
87.329871 -25.406959 -55.349905
77.998599 -26.568111 -49.435719
69.075144 -23.135399 -43.780007
62.102453 -15.702362 -39.360699
58.286179 -5.554248 -36.941931
58.286179 5.554246 -36.941932
62.102453 15.702361 -39.360702
69.075144 23.135391 -43.780013
77.998599 26.568105 -49.435724
87.329871 25.406948 -55.349918
95.455505 19.852699 -60.499969
100.970508 10.865737 -63.995387
120.049988 -0.000002 -20.880034
117.774563 -10.865749 -20.484272
111.341729 -19.852708 -19.365422
101.863784 -25.406956 -17.716942
90.979547 -26.568108 -15.823868
80.571004 -23.135396 -14.013532
72.437884 -15.702361 -12.598955
67.986479 -5.554246 -11.824734
67.986479 5.554248 -11.824734
72.437884 15.702362 -12.598959
80.571004 23.135394 -14.013536
90.979547 26.568108 -15.823873
101.863784 25.406951 -17.716947
111.341729 19.852702 -19.365425
117.774563 10.865741 -20.484274
118.902171 0.000002 26.650525
116.648500 -10.865745 26.145389
110.277169 -19.852705 24.717335
100.889845 -25.406953 22.613276
90.109669 -26.568105 20.197027
79.800646 -23.135393 17.886382
71.745293 -15.702358 16.080865
67.336448 -5.554244 15.092676
67.336448 5.554250 15.092676
71.745293 15.702365 16.080865
79.800653 23.135397 17.886377
90.109681 26.568111 20.197021
100.889845 25.406955 22.613270
110.277181 19.852705 24.717328
116.648500 10.865745 26.145389
99.652562 0.000006 70.123773
97.763752 -10.865741 68.794651
92.423905 -19.852701 65.037091
84.556332 -25.406950 59.500821
75.521410 -26.568102 53.143101
66.881362 -23.135389 47.063247
60.130117 -15.702356 42.312520
56.435047 -5.554242 39.712359
56.435047 5.554253 39.712359
60.130124 15.702366 42.312520
66.881368 23.135401 47.063253
75.521417 26.568114 53.143107
84.556332 25.406958 59.500821
92.423905 19.852710 65.037091
97.763752 10.865749 68.794651
65.231747 0.000009 102.921308
63.995354 -10.865738 100.970545
60.499933 -19.852699 95.455541
55.349882 -25.406947 87.329909
49.435701 -26.568102 77.998620
43.779993 -23.135388 69.075165
39.360686 -15.702353 62.102474
36.941923 -5.554240 58.286201
36.941923 5.554254 58.286201
39.360688 15.702370 62.102480
43.779993 23.135402 69.075172
49.435701 26.568114 77.998632
55.349888 25.406961 87.329909
60.499933 19.852711 95.455541
63.995354 10.865752 100.970545
20.879982 0.000010 120.050000
20.484225 -10.865736 117.774574
19.365378 -19.852698 111.341742
17.716906 -25.406946 101.863795
15.823838 -26.568099 90.979559
14.013509 -23.135386 80.571013
12.598938 -15.702353 72.437886
11.824717 -5.554238 67.986482
11.824717 5.554255 67.986482
12.598938 15.702370 72.437892
14.013510 23.135403 80.571013
15.823839 26.568118 90.979559
17.716906 25.406963 101.863795
19.365380 19.852713 111.341742
20.484225 10.865753 117.774574
-26.650573 0.000010 118.902146
-26.145434 -10.865737 116.648475
-24.717371 -19.852698 110.277157
-22.613309 -25.406946 100.889832
-20.197054 -26.568099 90.109657
-17.886400 -23.135386 79.800632
-16.080883 -15.702353 71.745277
-15.092691 -5.554239 67.336433
-15.092691 5.554255 67.336433
-16.080885 15.702370 71.745277
-17.886404 23.135403 79.800632
-20.197054 26.568118 90.109657
-22.613309 25.406963 100.889832
-24.717376 19.852713 110.277157
-26.145434 10.865752 116.648487
-70.123814 0.000009 99.652513
-68.794693 -10.865738 97.763703
-65.037122 -19.852699 92.423856
-59.500851 -25.406947 84.556295
-53.143131 -26.568102 75.521377
-47.063265 -23.135388 66.881329
-42.312532 -15.702354 60.130090
-39.712371 -5.554240 56.435019
-39.712371 5.554254 56.435019
-42.312532 15.702368 60.130096
-47.063271 23.135402 66.881334
-53.143131 26.568114 75.521377
-59.500851 25.406961 84.556295
-65.037134 19.852711 92.423868
-68.794693 10.865751 97.763703
-102.921332 0.000006 65.231684
-100.970556 -10.865742 63.995284
-95.455554 -19.852702 60.499869
-87.329908 -25.406950 55.349824
-77.998632 -26.568105 49.435649
-69.075165 -23.135389 43.779948
-62.102474 -15.702356 39.360646
-58.286200 -5.554242 36.941880
-58.286200 5.554253 36.941880
-62.102486 15.702366 39.360646
-69.075177 23.135401 43.779948
-77.998632 26.568111 49.435649
-87.329920 25.406958 55.349830
-95.455554 19.852708 60.499869
-100.970556 10.865748 63.995284
-120.049988 0.000002 20.879903
-117.774562 -10.865746 20.484146
-111.341729 -19.852705 19.365309
-101.863783 -25.406953 17.716841
-90.979534 -26.568108 15.823782
-80.570988 -23.135393 14.013458
-72.437868 -15.702358 12.598890
-67.986463 -5.554244 11.824671
-67.986463 5.554250 11.824671
-72.437868 15.702365 12.598890
-80.570988 23.135397 14.013453
-90.979546 26.568108 15.823776
-101.863783 25.406955 17.716835
-111.341729 19.852705 19.365302
-117.774562 10.865744 20.484146
-118.902109 -0.000002 -26.650649
-116.648438 -10.865750 -26.145512
-110.277108 -19.852708 -24.717445
-100.889783 -25.406956 -22.613376
-90.109620 -26.568111 -20.197113
-79.800595 -23.135396 -17.886453
-71.745240 -15.702361 -16.080931
-67.336396 -5.554246 -15.092736
-67.336409 5.554248 -15.092738
-71.745240 15.702362 -16.080936
-79.800595 23.135394 -17.886459
-90.109620 26.568105 -20.197119
-100.889795 25.406951 -22.613380
-110.277120 19.852702 -24.717450
-116.648438 10.865740 -26.145515
-99.652440 -0.000006 -70.123875
-97.763630 -10.865753 -68.794755
-92.423795 -19.852713 -65.037186
-84.556234 -25.406959 -59.500903
-75.521316 -26.568114 -53.143177
-66.881280 -23.135399 -47.063312
-60.130041 -15.702362 -42.312573
-56.434970 -5.554248 -39.712410
-56.434970 5.554246 -39.712410
-60.130041 15.702361 -42.312576
-66.881280 23.135391 -47.063315
-75.521316 26.568102 -53.143183
-84.556234 25.406948 -59.500916
-92.423795 19.852698 -65.037198
-97.763630 10.865736 -68.794755
-65.231598 -0.000009 -102.921368
-63.995192 -10.865756 -100.970599
-60.499783 -19.852715 -95.455590
-55.349750 -25.406963 -87.329950
-49.435569 -26.568114 -77.998662
-43.779874 -23.135401 -69.075193
-39.360579 -15.702365 -62.102498
-36.941819 -5.554250 -58.286219
-36.941819 5.554245 -58.286219
-39.360579 15.702358 -62.102504
-43.779874 23.135389 -69.075205
-49.435569 26.568102 -77.998662
-55.349750 25.406946 -87.329950
-60.499783 19.852696 -95.455596
-63.995192 10.865734 -100.970599
-20.879800 -0.000010 -120.050000
-20.484045 -10.865757 -117.774574
-19.365208 -19.852716 -111.341741
-17.716744 -25.406964 -101.863789
-15.823693 -26.568118 -90.979547
-14.013376 -23.135402 -80.571000
-12.598816 -15.702365 -72.437880
-11.824600 -5.554251 -67.986476
-11.824600 5.554243 -67.986476
-12.598816 15.702358 -72.437880
-14.013376 23.135388 -80.571000
-15.823693 26.568099 -90.979552
-17.716747 25.406944 -101.863789
-19.365208 19.852695 -111.341741
-20.484045 10.865732 -117.774574
26.650753 -0.000010 -118.902098
26.145617 -10.865757 -116.648426
24.717546 -19.852716 -110.277095
22.613469 -25.406964 -100.889777
20.197201 -26.568118 -90.109608
17.886534 -23.135402 -79.800589
16.081007 -15.702365 -71.745234
15.092809 -5.554250 -67.336396
15.092809 5.554244 -67.336396
16.081008 15.702358 -71.745241
17.886534 23.135388 -79.800589
20.197202 26.568099 -90.109614
22.613471 25.406944 -100.889784
24.717546 19.852695 -110.277107
26.145617 10.865733 -116.648439
70.123976 -0.000009 -99.652403
68.794843 -10.865755 -97.763593
65.037278 -19.852715 -92.423753
59.500989 -25.406963 -84.556197
53.143256 -26.568114 -75.521282
47.063384 -23.135401 -66.881239
42.312642 -15.702363 -60.130017
39.712475 -5.554250 -56.434946
39.712475 5.554245 -56.434946
42.312645 15.702359 -60.130017
47.063387 23.135389 -66.881252
53.143256 26.568102 -75.521294
59.500989 25.406946 -84.556197
65.037278 19.852696 -92.423759
68.794843 10.865734 -97.763593
0 16 1
0 15 16
1 17 2
1 16 17
2 18 3
2 17 18
3 19 4
3 18 19
4 20 5
4 19 20
5 21 6
5 20 21
6 22 7
6 21 22
7 23 8
7 22 23
8 24 9
8 23 24
9 25 10
9 24 25
10 26 11
10 25 26
11 27 12
11 26 27
12 28 13
12 27 28
13 29 14
13 28 29
14 15 0
14 29 15
15 31 16
15 30 31
16 32 17
16 31 32
17 33 18
17 32 33
18 34 19
18 33 34
19 35 20
19 34 35
20 36 21
20 35 36
21 37 22
21 36 37
22 38 23
22 37 38
23 39 24
23 38 39
24 40 25
24 39 40
25 41 26
25 40 41
26 42 27
26 41 42
27 43 28
27 42 43
28 44 29
28 43 44
29 30 15
29 44 30
30 46 31
30 45 46
31 47 32
31 46 47
32 48 33
32 47 48
33 49 34
33 48 49
34 50 35
34 49 50
35 51 36
35 50 51
36 52 37
36 51 52
37 53 38
37 52 53
38 54 39
38 53 54
39 55 40
39 54 55
40 56 41
40 55 56
41 57 42
41 56 57
42 58 43
42 57 58
43 59 44
43 58 59
44 45 30
44 59 45
45 61 46
45 60 61
46 62 47
46 61 62
47 63 48
47 62 63
48 64 49
48 63 64
49 65 50
49 64 65
50 66 51
50 65 66
51 67 52
51 66 67
52 68 53
52 67 68
53 69 54
53 68 69
54 70 55
54 69 70
55 71 56
55 70 71
56 72 57
56 71 72
57 73 58
57 72 73
58 74 59
58 73 74
59 60 45
59 74 60
60 76 61
60 75 76
61 77 62
61 76 77
62 78 63
62 77 78
63 79 64
63 78 79
64 80 65
64 79 80
65 81 66
65 80 81
66 82 67
66 81 82
67 83 68
67 82 83
68 84 69
68 83 84
69 85 70
69 84 85
70 86 71
70 85 86
71 87 72
71 86 87
72 88 73
72 87 88
73 89 74
73 88 89
74 75 60
74 89 75
75 91 76
75 90 91
76 92 77
76 91 92
77 93 78
77 92 93
78 94 79
78 93 94
79 95 80
79 94 95
80 96 81
80 95 96
81 97 82
81 96 97
82 98 83
82 97 98
83 99 84
83 98 99
84 100 85
84 99 100
85 101 86
85 100 101
86 102 87
86 101 102
87 103 88
87 102 103
88 104 89
88 103 104
89 90 75
89 104 90
90 106 91
90 105 106
91 107 92
91 106 107
92 108 93
92 107 108
93 109 94
93 108 109
94 110 95
94 109 110
95 111 96
95 110 111
96 112 97
96 111 112
97 113 98
97 112 113
98 114 99
98 113 114
99 115 100
99 114 115
100 116 101
100 115 116
101 117 102
101 116 117
102 118 103
102 117 118
103 119 104
103 118 119
104 105 90
104 119 105
105 121 106
105 120 121
106 122 107
106 121 122
107 123 108
107 122 123
108 124 109
108 123 124
109 125 110
109 124 125
110 126 111
110 125 126
111 127 112
111 126 127
112 128 113
112 127 128
113 129 114
113 128 129
114 130 115
114 129 130
115 131 116
115 130 131
116 132 117
116 131 132
117 133 118
117 132 133
118 134 119
118 133 134
119 120 105
119 134 120
120 136 121
120 135 136
121 137 122
121 136 137
122 138 123
122 137 138
123 139 124
123 138 139
124 140 125
124 139 140
125 141 126
125 140 141
126 142 127
126 141 142
127 143 128
127 142 143
128 144 129
128 143 144
129 145 130
129 144 145
130 146 131
130 145 146
131 147 132
131 146 147
132 148 133
132 147 148
133 149 134
133 148 149
134 135 120
134 149 135
135 151 136
135 150 151
136 152 137
136 151 152
137 153 138
137 152 153
138 154 139
138 153 154
139 155 140
139 154 155
140 156 141
140 155 156
141 157 142
141 156 157
142 158 143
142 157 158
143 159 144
143 158 159
144 160 145
144 159 160
145 161 146
145 160 161
146 162 147
146 161 162
147 163 148
147 162 163
148 164 149
148 163 164
149 150 135
149 164 150
150 166 151
150 165 166
151 167 152
151 166 167
152 168 153
152 167 168
153 169 154
153 168 169
154 170 155
154 169 170
155 171 156
155 170 171
156 172 157
156 171 172
157 173 158
157 172 173
158 174 159
158 173 174
159 175 160
159 174 175
160 176 161
160 175 176
161 177 162
161 176 177
162 178 163
162 177 178
163 179 164
163 178 179
164 165 150
164 179 165
165 181 166
165 180 181
166 182 167
166 181 182
167 183 168
167 182 183
168 184 169
168 183 184
169 185 170
169 184 185
170 186 171
170 185 186
171 187 172
171 186 187
172 188 173
172 187 188
173 189 174
173 188 189
174 190 175
174 189 190
175 191 176
175 190 191
176 192 177
176 191 192
177 193 178
177 192 193
178 194 179
178 193 194
179 180 165
179 194 180
180 196 181
180 195 196
181 197 182
181 196 197
182 198 183
182 197 198
183 199 184
183 198 199
184 200 185
184 199 200
185 201 186
185 200 201
186 202 187
186 201 202
187 203 188
187 202 203
188 204 189
188 203 204
189 205 190
189 204 205
190 206 191
190 205 206
191 207 192
191 206 207
192 208 193
192 207 208
193 209 194
193 208 209
194 195 180
194 209 195
195 211 196
195 210 211
196 212 197
196 211 212
197 213 198
197 212 213
198 214 199
198 213 214
199 215 200
199 214 215
200 216 201
200 215 216
201 217 202
201 216 217
202 218 203
202 217 218
203 219 204
203 218 219
204 220 205
204 219 220
205 221 206
205 220 221
206 222 207
206 221 222
207 223 208
207 222 223
208 224 209
208 223 224
209 210 195
209 224 210
210 226 211
210 225 226
211 227 212
211 226 227
212 228 213
212 227 228
213 229 214
213 228 229
214 230 215
214 229 230
215 231 216
215 230 231
216 232 217
216 231 232
217 233 218
217 232 233
218 234 219
218 233 234
219 235 220
219 234 235
220 236 221
220 235 236
221 237 222
221 236 237
222 238 223
222 237 238
223 239 224
223 238 239
224 225 210
224 239 225
225 1 226
225 0 1
226 2 227
226 1 2
227 3 228
227 2 3
228 4 229
228 3 4
229 5 230
229 4 5
230 6 231
230 5 6
231 7 232
231 6 7
232 8 233
232 7 8
233 9 234
233 8 9
234 10 235
234 9 10
235 11 236
235 10 11
236 12 237
236 11 12
237 13 238
237 12 13
238 14 239
238 13 14
239 0 225
239 14 0
